export function get_policy_data() {
const values = [[8.59519027e-02,5.34810529e-01,3.79237568e-01,5.13561427e-24,5.13561427e-24,5.13561427e-24,5.13561427e-24,5.13561427e-24],
 [5.61969000e-15,1.00000000e+00,3.29868000e-12,2.33911000e-12,3.16761000e-35,5.30145000e-13,5.30145000e-13,5.30145000e-13],
 [2.30477177e-16,6.72331749e-01,3.27668251e-01,1.08087349e-12,1.73711421e-13,1.84139690e-15,1.84139690e-15,1.84139690e-15],
 [5.60995569e-18,6.63989355e-01,2.25910919e-01,1.10099726e-01,6.18729224e-16,7.74429975e-17,7.74429975e-17,7.74429975e-17],
 [7.68876737e-09,7.69795399e-01,1.71764653e-01,5.84399412e-02,2.00333528e-17,1.45121453e-18,1.45121453e-18,1.45121453e-18],
 [7.78913870e-12,9.99834246e-01,1.35516534e-04,3.02378871e-05,2.55475647e-22,1.35354561e-12,1.35354561e-12,1.35354561e-12],
 [4.46360109e-15,6.68850372e-01,3.31104750e-01,4.48776888e-05,4.48240718e-13,2.57944723e-12,2.57944723e-12,2.57944723e-12],
 [5.78461919e-15,4.15894214e-01,3.90696848e-01,1.93408937e-01,1.50673383e-12,2.60733274e-15,2.60733274e-15,2.60733274e-15],
 [5.34134251e-19,4.05853193e-01,3.06353934e-01,2.87792873e-01,1.92059466e-15,4.26102810e-15,4.26102810e-15,4.26102810e-15],
 [1.68173309e-13,4.68821230e-01,3.02693406e-01,2.28485364e-01,3.17797127e-15,3.98368451e-19,3.98368451e-19,3.98368451e-19],
 [3.73972805e-16,5.31673797e-01,2.84584906e-01,1.83741297e-01,2.41818451e-19,1.02084238e-13,1.02084238e-13,1.02084238e-13],
 [9.36819033e-20,5.17817432e-01,3.14072288e-01,1.68110280e-01,6.03037877e-14,2.20913798e-16,2.20913798e-16,2.20913798e-16],
 [5.97831651e-18,4.71355942e-01,3.29059168e-01,1.99584890e-01,1.40384874e-16,5.95323032e-20,5.95323032e-20,5.95323032e-20],
 [7.79729598e-16,6.82949539e-01,1.86707660e-01,1.30342802e-01,2.35812646e-20,2.36806333e-18,2.36806333e-18,2.36806333e-18],
 [7.85662063e-20,7.62162788e-01,1.86775495e-01,5.10617169e-02,6.47627682e-19,2.13243988e-16,2.13243988e-16,2.13243988e-16],
 [4.02978585e-09,6.75669209e-01,2.60494040e-01,6.38367473e-02,7.28829302e-17,2.68525571e-20,2.68525571e-20,2.68525571e-20],
 [2.09676563e-12,9.99997914e-01,1.50569686e-06,5.80499789e-07,5.98397752e-26,8.98022127e-15,8.98022127e-15,8.98022127e-15],
 [9.71515326e-05,9.95148103e-01,4.75473803e-03,7.15922482e-09,4.26987202e-17,9.96959273e-15,9.96959273e-15,9.96959273e-15],
 [9.94615936e-11,9.99999935e-01,6.41205959e-08,3.06362980e-10,6.42371959e-22,6.25978960e-12,6.25978960e-12,6.25978960e-12],
 [1.17238940e-10,9.32453258e-01,6.75467376e-02,4.33113284e-09,4.22828052e-13,6.71829529e-12,6.71829529e-12,6.71829529e-12],
 [2.58123227e-09,4.98140955e-01,4.67960171e-01,3.38988708e-02,3.37163893e-12,5.88371247e-11,5.88371247e-11,5.88371247e-11],
 [1.58670207e-11,9.77234695e-01,1.17382137e-02,1.10270909e-02,1.38644233e-12,6.08245374e-11,6.08245374e-11,6.08245374e-11],
 [1.69304998e-11,5.66923348e-01,4.27936420e-01,5.14023185e-03,2.66353470e-11,6.94825191e-12,6.94825191e-12,6.94825191e-12],
 [5.04230874e-11,5.92696593e-01,2.32103030e-01,1.75200377e-01,2.84467605e-12,6.93148713e-12,6.93148713e-12,6.93148713e-12],
 [3.84338173e-11,4.13696406e-02,6.88866573e-01,2.69763786e-01,8.05616943e-12,5.86046104e-11,5.86046104e-11,5.86046104e-11],
 [4.51515194e-18,5.12857403e-02,5.37470165e-02,8.94967243e-01,7.61384201e-11,4.99327971e-11,4.99327971e-11,4.99327971e-11],
 [5.11225960e-12,2.69312974e-01,3.56782205e-01,3.73904821e-01,3.47370370e-10,3.14107747e-17,3.14107747e-17,3.14107747e-17],
 [2.76289573e-10,8.74090661e-01,5.41595856e-02,7.17497528e-02,6.31678559e-18,1.02808511e-12,1.02808511e-12,1.02808511e-12],
 [3.38950475e-10,9.76365560e-01,2.22554731e-02,1.37896700e-03,2.61764224e-14,7.03469037e-12,7.03469037e-12,7.03469037e-12],
 [2.04755767e-10,8.18870567e-01,1.77092740e-01,4.03669310e-03,1.27594862e-12,6.14788015e-11,6.14788015e-11,6.14788015e-11],
 [1.40491254e-12,4.97928967e-01,4.12797352e-01,8.92736801e-02,3.09917621e-11,1.03218701e-10,1.03218701e-10,1.03218701e-10],
 [1.71584612e-10,4.43051409e-01,3.04504927e-01,2.52443663e-01,6.31224977e-11,8.59162115e-13,8.59162115e-13,8.59162115e-13],
 [8.78989649e-11,7.32653437e-01,1.58447361e-01,1.08899201e-01,3.07260080e-13,6.13633905e-11,6.13633905e-11,6.13633905e-11],
 [5.53730997e-11,3.53878180e-01,5.31234122e-01,1.14887697e-01,4.44935280e-11,6.37340215e-11,6.37340215e-11,6.37340215e-11],
 [2.32293344e-11,6.32194578e-03,3.97284451e-01,5.96393603e-01,7.15515117e-11,6.21649545e-11,6.21649545e-11,6.21649545e-11],
 [1.77753768e-14,4.53769608e-03,1.55925824e-02,9.79869721e-01,1.53325103e-10,5.72933995e-11,5.72933995e-11,5.72933995e-11],
 [6.63102762e-14,1.27049352e-01,1.96777797e-01,6.76172848e-01,2.48453554e-09,7.70831291e-13,7.70831291e-13,7.70831291e-13],
 [1.06791063e-12,2.36853547e-01,2.99410262e-01,4.63736191e-01,1.81658088e-12,1.56270629e-13,1.56270629e-13,1.56270629e-13],
 [6.36198633e-12,3.19801287e-01,3.00425242e-01,3.79773471e-01,1.98213982e-13,1.35454209e-12,1.35454209e-12,1.35454209e-12],
 [7.83107327e-12,3.36705502e-01,3.42008022e-01,3.21286477e-01,1.44859822e-12,6.80375147e-12,6.80375147e-12,6.80375147e-12],
 [5.02852230e-12,2.23069771e-01,3.85429934e-01,3.91500295e-01,7.78832715e-12,8.96430964e-12,8.96430964e-12,8.96430964e-12],
 [4.44624410e-12,1.79588656e-01,3.00754154e-01,5.19657190e-01,1.20861993e-11,6.77971467e-12,6.77971467e-12,6.77971467e-12],
 [3.72076333e-12,2.72132375e-01,2.72132375e-01,4.55735251e-01,1.02733119e-11,6.73742762e-12,6.73742762e-12,6.73742762e-12],
 [5.81031414e-11,6.52678547e-04,4.99673661e-01,4.99673661e-01,1.23709059e-11,6.83184723e-12,6.83184723e-12,6.83184723e-12],
 [2.54352341e-16,2.56806504e-04,1.30417104e-03,9.98439022e-01,1.36512574e-11,1.16100486e-10,1.16100486e-10,1.16100486e-10],
 [2.10007638e-13,5.70683558e-02,1.55127822e-01,7.87803752e-01,7.01323751e-08,1.53644961e-13,1.53644961e-13,1.53644961e-13],
 [2.81832407e-12,3.68017980e-04,2.68842092e-01,7.30789890e-01,7.23804786e-13,9.89323635e-13,9.89323635e-13,9.89323635e-13],
 [1.90844136e-15,4.94859245e-04,1.36635219e-03,9.98138789e-01,3.67309085e-12,1.04636885e-11,1.04636885e-11,1.04636885e-11],
 [5.46894643e-13,3.42131355e-02,2.56783739e-01,7.09003120e-01,5.42963213e-09,9.90298302e-13,9.90298302e-13,9.90298302e-13],
 [1.93673126e-13,8.15139135e-02,1.07988433e-01,8.10497653e-01,3.12572120e-12,1.72618634e-12,1.72618634e-12,1.72618634e-12],
 [6.92490094e-11,1.82664341e-02,4.22290363e-01,5.59443203e-01,8.94265994e-12,1.00333941e-12,1.00333941e-12,1.00333941e-12],
 [5.49456498e-13,1.40097976e-09,4.14622304e-02,9.58537768e-01,2.27742965e-12,1.57185178e-10,1.57185178e-10,1.57185178e-10],
 [8.76696967e-19,1.58748994e-18,3.37891987e-08,9.99999962e-01,3.79103986e-09,1.32519995e-11,1.32519995e-11,1.32519995e-11],
 [4.33309058e-27,2.55337857e-11,4.69638809e-11,9.99607958e-01,3.92042243e-04,2.59359280e-11,2.59359280e-11,2.59359280e-11],
 [7.25628102e-15,1.61616172e-01,2.17477655e-01,4.00003419e-01,2.20902754e-01,3.69059878e-17,3.69059878e-17,3.69059878e-17],
 [1.89534139e-12,3.22307215e-01,2.88915142e-01,3.88777643e-01,6.59754288e-17,1.29718299e-14,1.29718299e-14,1.29718299e-14],
 [1.28128096e-13,4.80645649e-01,2.73863988e-01,2.45490363e-01,1.10220776e-14,1.61046671e-12,1.61046671e-12,1.61046671e-12],
 [2.08983542e-10,4.61560098e-01,3.43002747e-01,1.95437155e-01,1.14927036e-12,9.14355420e-14,9.14355420e-14,9.14355420e-14],
 [1.65903171e-12,6.45785906e-01,2.03205079e-01,1.51009014e-01,4.02551341e-14,9.20064053e-11,9.20064053e-11,9.20064053e-11],
 [6.85391580e-11,4.59040276e-01,4.11481195e-01,1.29478529e-01,5.86245826e-11,1.05710017e-12,1.05710017e-12,1.05710017e-12],
 [5.13053329e-11,5.18784413e-02,4.99960527e-01,4.48161032e-01,1.15132747e-12,7.46487623e-11,7.46487623e-11,7.46487623e-11],
 [5.38082474e-13,2.30037068e-01,7.23844404e-02,6.97578492e-01,1.04155342e-10,7.15847520e-11,7.15847520e-11,7.15847520e-11],
 [1.65584422e-10,4.01653587e-01,4.55132245e-01,1.43214167e-01,1.41631558e-10,1.06460265e-12,1.06460265e-12,1.06460265e-12],
 [8.54651226e-12,6.05850630e-01,1.84773499e-01,2.09375871e-01,4.89754006e-13,7.61742563e-11,7.61742563e-11,7.61742563e-11],
 [1.13550138e-10,3.59234231e-01,4.91015077e-01,1.49750692e-01,6.17358452e-11,6.92657825e-12,6.92657825e-12,6.92657825e-12],
 [1.08497403e-11,4.18166260e-01,2.45827737e-01,3.36006003e-01,4.73991379e-12,7.77030558e-11,7.77030558e-11,7.77030558e-11],
 [9.06954828e-11,4.24056724e-01,3.62714631e-01,2.13228644e-01,6.73990876e-11,9.41102537e-12,9.41102537e-12,9.41102537e-12],
 [5.95932808e-11,4.66625326e-01,2.87479844e-01,2.45894829e-01,6.37999456e-12,6.14849956e-11,6.14849956e-11,6.14849956e-11],
 [5.79349650e-11,2.31696659e-01,4.75411249e-01,2.92892091e-01,6.26426565e-11,6.07153685e-11,6.07153685e-11,6.07153685e-11],
 [2.80734029e-11,2.39042808e-02,3.19835497e-01,6.56260222e-01,8.38117321e-11,7.99737342e-11,7.99737342e-11,7.99737342e-11],
 [1.18679452e-12,5.78218372e-02,6.55207531e-02,8.76657409e-01,2.19204833e-10,7.69481331e-11,7.69481331e-11,7.69481331e-11],
 [4.87654147e-11,2.58366549e-01,3.47670766e-01,3.93962685e-01,4.62673714e-10,7.13595729e-12,7.13595729e-12,7.13595729e-12],
 [3.67605424e-11,2.34928538e-01,3.26166063e-01,4.38905399e-01,9.00854768e-12,6.15622721e-11,6.15622721e-11,6.15622721e-11],
 [3.10691671e-11,5.68875212e-02,3.94878317e-01,5.48234161e-01,1.03476499e-10,6.17885354e-11,6.17885354e-11,6.17885354e-11],
 [2.31614467e-12,1.44895701e-01,1.07677066e-01,7.47427232e-01,1.16953312e-10,5.88079577e-11,5.88079577e-11,5.88079577e-11],
 [4.75450945e-11,2.29358639e-01,4.42100177e-01,3.28541184e-01,1.79433610e-10,7.06694563e-12,7.06694563e-12,7.06694563e-12],
 [2.69966005e-11,1.40814446e-01,2.93482405e-01,5.65703149e-01,9.04272387e-12,6.08377382e-11,6.08377382e-11,6.08377382e-11],
 [2.67443677e-11,1.51698311e-02,3.19316543e-01,6.65513625e-01,1.37958326e-10,6.12185138e-11,6.12185138e-11,6.12185138e-11],
 [7.45385861e-13,3.41156167e-02,4.38053088e-02,9.22079074e-01,1.76777959e-10,7.72287049e-11,7.72287049e-11,7.72287049e-11],
 [4.54198892e-11,2.36911190e-01,3.34098031e-01,4.28990777e-01,7.56309259e-10,7.29964072e-12,7.29964072e-12,7.29964072e-12],
 [3.91298145e-11,2.13896566e-01,3.26153283e-01,4.59950150e-01,1.00493572e-11,6.25292220e-11,6.25292220e-11,6.25292220e-11],
 [3.23004131e-11,1.27175424e-01,3.45698166e-01,5.27126409e-01,1.01059328e-10,6.32412048e-11,6.32412048e-11,6.32412048e-11],
 [2.12430760e-11,7.15405719e-02,2.49701390e-01,6.78758037e-01,1.24170567e-10,6.34200604e-11,6.34200604e-11,6.34200604e-11],
 [1.69680569e-11,4.66390964e-02,2.12313361e-01,7.41047542e-01,1.88214311e-10,6.30438416e-11,6.30438416e-11,6.30438416e-11],
 [1.33181057e-11,3.03480355e-02,1.74640847e-01,7.95011117e-01,2.36068751e-10,6.35369721e-11,6.35369721e-11,6.35369721e-11],
 [1.06998099e-11,2.21997719e-02,1.44760893e-01,8.33039334e-01,3.03072019e-10,6.35274274e-11,6.35274274e-11,6.35274274e-11],
 [9.49913398e-12,1.82275318e-02,1.30540282e-01,8.51232186e-01,3.73559112e-10,6.29176073e-11,6.29176073e-11,6.29176073e-11],
 [8.52602166e-12,1.33528777e-02,1.20887388e-01,8.65759733e-01,4.17276431e-10,6.29992755e-11,6.29992755e-11,6.29992755e-11],
 [6.63833140e-12,8.35382469e-03,9.86392701e-02,8.93006905e-01,4.65382844e-10,6.29827122e-11,6.29827122e-11,6.29827122e-11],
 [4.99393113e-12,3.99465444e-03,7.77662985e-02,9.18239046e-01,5.86309445e-10,6.17965568e-11,6.17965568e-11,6.17965568e-11],
 [3.08558807e-12,1.06154776e-03,4.88059056e-02,9.50132546e-01,7.55018255e-10,6.10148500e-11,6.10148500e-11,6.10148500e-11],
 [1.43185133e-12,5.32635024e-04,2.12760700e-02,9.78191294e-01,1.22288816e-09,6.18428065e-11,6.18428065e-11,6.18428065e-11],
 [1.66780187e-12,1.03898261e-03,2.43977409e-02,9.74563273e-01,2.83275345e-09,6.55872226e-11,6.55872226e-11,6.55872226e-11],
 [2.53992836e-12,9.30178287e-04,4.08076881e-02,9.58262131e-01,2.57605122e-09,6.55057041e-11,6.55057041e-11,6.55057041e-11],
 [1.38688806e-12,1.72807196e-04,2.22823538e-02,9.77544837e-01,1.56918180e-09,6.08438493e-11,6.08438493e-11,6.08438493e-11],
 [4.03343607e-13,1.31102524e-05,7.69554680e-03,9.92291340e-01,2.70953089e-09,6.17616022e-11,6.17616022e-11,6.17616022e-11],
 [1.23757036e-13,1.03308893e-06,1.70072084e-03,9.98298238e-01,8.01198227e-09,5.23234062e-11,5.23234062e-11,5.23234062e-11],
 [3.18183673e-14,1.19720259e-07,6.07075144e-04,9.99392774e-01,3.07467185e-08,7.27234136e-11,7.27234136e-11,7.27234136e-11],
 [1.43475687e-14,9.23562747e-09,1.97169091e-04,9.99802702e-01,1.19769365e-07,5.24022591e-11,5.24022591e-11,5.24022591e-11],
 [7.27641723e-11,7.27641723e-11,4.68388935e-05,9.99952895e-01,2.65760481e-07,7.27641723e-11,7.27641723e-11,7.27641723e-11],
 [1.12401000e-15,1.00000000e+00,5.40931000e-22,7.97041000e-16,7.97041000e-16,7.97041000e-16,1.07935000e-38,1.80645000e-16],
 [1.06119593e-05,9.68845834e-01,3.11435545e-02,1.68464679e-23,2.48226805e-17,3.36147670e-40,5.62591179e-18,5.96361684e-20],
 [1.16457999e-13,9.99999995e-01,5.18173997e-09,1.66566999e-10,1.87221999e-25,3.00893998e-26,3.18955998e-28,3.99219998e-29],
 [1.55236626e-14,9.54647474e-01,4.53525256e-02,2.35005431e-10,2.57406767e-15,1.44654744e-29,1.81056539e-30,1.31156516e-31],
 [5.58826128e-15,9.19676683e-01,7.66804446e-02,3.64287227e-03,4.24240049e-16,1.45431087e-31,1.05349508e-32,5.58158881e-23],
 [4.54761707e-12,8.90102472e-01,1.01439751e-01,8.45777739e-03,1.37533151e-16,1.16199869e-33,6.15643359e-24,3.54278126e-23],
 [2.19167060e-13,9.76343996e-01,2.12358905e-02,2.42011322e-03,1.47054168e-17,1.46878634e-25,8.45228746e-25,1.46262776e-27],
 [2.80228475e-14,8.80177345e-01,1.17271937e-01,2.55071774e-03,1.30318553e-14,1.01523441e-25,1.75681003e-28,3.89765796e-28],
 [8.28920517e-15,7.77286147e-01,1.96528985e-01,2.61848683e-02,5.87792451e-15,3.92266512e-29,8.70280910e-29,1.09092390e-32],
 [3.36351160e-15,7.44874767e-01,2.03637654e-01,5.14875786e-02,1.63924946e-15,2.28000715e-29,2.85806368e-33,1.20653845e-27],
 [2.53699592e-15,6.17056332e-01,3.00728851e-01,8.22148172e-02,8.76763409e-16,1.15389200e-33,4.87119161e-28,1.78448771e-30],
 [1.43755864e-15,6.84573980e-01,2.12070927e-01,1.03355094e-01,4.66705048e-16,1.67414036e-28,6.13297661e-31,2.60077533e-34],
 [8.44157084e-16,6.32425543e-01,2.80637167e-01,8.69372893e-02,3.57438714e-16,2.51417309e-31,1.06617667e-34,1.07066379e-32],
 [8.53547984e-16,7.47606089e-01,1.74818439e-01,7.75754720e-02,1.62902737e-16,2.94718276e-35,2.95960259e-33,9.74503606e-31],
 [1.03239336e-15,7.26586279e-01,2.21596024e-01,5.18176972e-02,6.91659059e-17,8.77248336e-34,2.88850462e-31,1.06422302e-34],
 [6.21610051e-16,7.79896364e-01,1.68663888e-01,5.14397471e-02,5.87291851e-17,6.70516741e-32,2.47040969e-35,3.70736700e-24],
 [5.01423238e-11,8.84789578e-01,9.47247413e-02,2.04856804e-02,2.91076208e-17,3.00051463e-36,4.50289746e-25,1.05136419e-22],
 [5.60830279e-12,9.99476549e-01,4.72830367e-04,5.06207886e-05,4.03468693e-20,2.40634973e-28,5.61849745e-26,5.47511255e-16],
 [4.16129651e-07,9.95242147e-01,4.75518736e-03,2.24957568e-06,1.27486538e-16,2.67310098e-28,2.60488708e-18,4.13889361e-17],
 [1.01026223e-10,9.99982413e-01,1.75028922e-05,8.36275292e-08,4.69253747e-19,4.58109943e-23,7.27890199e-22,1.27020766e-20],
 [1.10022336e-11,8.97694051e-01,1.02304158e-01,1.79066326e-06,7.48709290e-13,7.44677451e-23,1.29951197e-21,5.70105634e-20],
 [4.54070064e-10,5.04268884e-01,4.45015439e-01,5.07156767e-02,5.12369767e-12,6.44208312e-22,2.82619631e-20,7.37257399e-21],
 [3.35844992e-11,9.47000940e-01,2.81535834e-02,2.48454769e-02,3.04507900e-13,1.57788294e-21,4.11614099e-22,1.00296133e-21],
 [3.57819114e-11,5.93138194e-01,3.95115375e-01,1.17464306e-02,1.05771451e-11,1.71737354e-22,4.18462744e-22,3.04410746e-21],
 [1.45947746e-12,3.28795710e-01,4.02849400e-01,2.68354890e-01,9.51697396e-12,2.84213140e-22,2.06750500e-21,1.35590280e-21],
 [1.43246373e-12,2.47431698e-01,3.38198735e-01,4.14369567e-01,2.49974404e-11,2.12662833e-21,1.39468099e-21,1.26113428e-28],
 [1.12292638e-12,3.91817581e-01,2.56959758e-01,3.51222660e-01,1.55902187e-12,1.44839213e-21,1.30969724e-28,2.13160106e-23],
 [8.89305618e-12,6.81642711e-01,1.92265769e-01,1.26091520e-01,7.29986944e-13,6.42674371e-29,1.04598590e-23,2.81099519e-21],
 [9.22533646e-11,7.93356531e-01,1.61180554e-01,4.54629151e-02,1.30294342e-13,2.47331392e-24,6.64682870e-22,3.20262045e-20],
 [8.77802672e-11,8.03575795e-01,1.63256726e-01,3.31674791e-02,4.32720430e-13,1.36777986e-22,6.59032298e-21,2.19491421e-20],
 [3.28777046e-11,6.99789325e-01,2.49518070e-01,5.06926051e-02,5.89465891e-12,2.04635491e-21,6.81541587e-21,9.27647478e-23],
 [2.11978190e-11,5.79335915e-01,3.10096406e-01,1.10567678e-01,1.20781903e-11,3.02009311e-21,4.11066478e-23,8.20946768e-21],
 [5.48588875e-11,5.02200232e-01,3.24244101e-01,1.73555667e-01,8.15404221e-12,2.30066576e-23,4.59470985e-21,6.58161033e-21],
 [3.86409784e-11,1.26128496e-01,5.31019458e-01,3.42852047e-01,1.25449307e-11,4.85838319e-21,6.95931219e-21,6.04635813e-21],
 [8.80811660e-13,5.86564846e-02,1.80674509e-01,7.60669007e-01,8.30932435e-11,9.96899239e-21,8.66121086e-21,3.23646100e-21],
 [9.46821524e-13,1.15970574e-01,2.16662142e-01,6.67367284e-01,2.04456769e-10,3.19923420e-20,1.19547130e-20,3.70895852e-24],
 [1.59488613e-12,1.32179170e-01,3.02561600e-01,5.65259230e-01,8.48817910e-12,3.11889945e-20,9.67645930e-24,8.32411213e-25],
 [2.33941646e-12,1.93884399e-01,2.45093107e-01,5.61022494e-01,4.58036003e-12,1.79425505e-23,1.54349220e-24,1.05478818e-23],
 [4.11745355e-12,2.74196347e-01,3.20567559e-01,4.05236094e-01,4.88959832e-12,2.55201140e-24,1.74398044e-23,8.19107740e-23],
 [5.46654607e-12,1.97924109e-01,3.69770443e-01,4.32305448e-01,5.21621803e-12,2.35186838e-23,1.10461193e-22,1.27140163e-22],
 [4.62511854e-12,1.70095123e-01,2.89342583e-01,5.40562294e-01,8.11732662e-12,1.61482660e-22,1.85865786e-22,1.04261492e-22],
 [5.15156465e-12,1.43009110e-01,3.17279973e-01,5.39710916e-01,1.49065041e-11,3.46695504e-22,1.94478475e-22,1.27542589e-22],
 [1.10761085e-11,1.03581013e-02,3.07476574e-01,6.82165324e-01,1.85489805e-11,4.18137412e-22,2.74221351e-22,1.51439553e-22],
 [4.53035821e-14,4.74629958e-03,3.24351134e-02,9.62818587e-01,3.46832361e-11,8.58685335e-22,4.74210751e-22,4.03304139e-21],
 [2.36486833e-13,1.43391334e-02,1.25822523e-01,8.59838342e-01,9.19435787e-10,1.25710940e-20,1.06913710e-19,2.34226018e-25],
 [6.19839911e-13,1.39053281e-03,1.02162084e-01,8.96447383e-01,8.55661955e-12,7.61733361e-19,1.66879938e-24,2.28097583e-24],
 [8.18207716e-15,1.43555097e-03,1.34089761e-02,9.85155473e-01,1.62475763e-11,1.60922723e-23,2.19955240e-23,6.26592447e-23],
 [1.99232251e-13,1.97204738e-03,9.65151176e-02,9.01512835e-01,4.01854751e-10,1.47879668e-21,4.21270998e-21,7.68347716e-25],
 [2.66626232e-13,1.07693097e-02,1.98077803e-02,9.69422910e-01,5.52532241e-12,4.23135892e-20,7.71748185e-24,4.26199492e-24],
 [6.49336381e-12,1.34723293e-02,3.47456629e-01,6.39071042e-01,6.45639433e-11,2.48993114e-22,1.37507634e-22,1.54279006e-23],
 [7.78201104e-13,3.09081824e-10,3.73269430e-02,9.62673057e-01,2.38337894e-11,3.80981875e-22,4.27449233e-23,2.95019648e-21],
 [7.04445994e-19,7.03386994e-16,8.28039993e-09,9.99999991e-01,4.81976996e-10,1.14514999e-21,7.90366993e-20,2.76280998e-22],
 [3.98693137e-21,8.93075340e-09,8.47326530e-08,9.97488440e-01,2.51146642e-03,9.52105708e-12,3.32818003e-14,2.20179613e-21],
 [2.24491486e-14,2.91034588e-02,9.24906356e-02,8.77526713e-01,8.78848228e-04,3.44680738e-07,2.28026464e-14,3.80962240e-30],
 [1.26256527e-13,7.97714927e-02,2.20256331e-01,6.99972176e-01,3.12486433e-13,1.72571609e-13,2.88313192e-29,5.66869456e-27],
 [4.05995084e-13,1.35174548e-01,2.29940061e-01,6.34885391e-01,4.89722699e-13,8.31059532e-29,1.63399045e-26,2.38746608e-24],
 [1.57506048e-12,1.92920826e-01,2.98800931e-01,5.08278243e-01,8.04462897e-13,3.61190530e-26,5.27743583e-24,4.19870171e-25],
 [3.26485659e-12,2.42548203e-01,2.97176114e-01,4.60275683e-01,1.38242654e-12,8.12941279e-24,6.46771416e-25,1.47824505e-21],
 [1.29375444e-11,3.27011387e-01,3.02436076e-01,3.70552537e-01,3.02530759e-12,8.06467664e-25,1.84324904e-21,3.32368035e-23],
 [1.72372250e-11,2.48249231e-01,3.90550732e-01,3.61200037e-01,4.86199290e-12,2.20139184e-21,3.96947448e-23,2.57368590e-21],
 [2.30524515e-12,1.76693585e-01,3.19951430e-01,5.03354986e-01,1.99142909e-11,5.11599552e-23,3.31705642e-21,2.27977869e-21],
 [1.10990654e-11,2.47576403e-01,2.67693229e-01,4.84730368e-01,3.36574411e-11,5.02537728e-21,3.45388576e-21,2.59619047e-23],
 [1.13312833e-11,4.03904519e-01,2.86411057e-01,3.09684424e-01,4.04029478e-12,3.99565942e-21,3.00342488e-23,4.67139778e-21],
 [3.49235198e-11,3.51125697e-01,3.79657229e-01,2.69217073e-01,1.20692863e-11,2.82312530e-23,4.39096922e-21,4.92654061e-22],
 [2.26379148e-11,3.52521805e-01,3.11099423e-01,3.36378772e-01,9.43690198e-12,3.89042353e-21,4.36493656e-22,7.15559124e-21],
 [3.47157606e-11,4.01739452e-01,3.17801493e-01,2.80459055e-01,2.78948692e-11,3.93503553e-22,6.45082772e-21,9.00737681e-22],
 [3.47575435e-11,3.83803048e-01,3.44039382e-01,2.72157569e-01,1.74771779e-11,5.52433525e-21,7.71369125e-22,7.43380355e-21],
 [5.64170591e-11,2.72157569e-01,3.83803048e-01,3.44039382e-01,2.97297190e-11,7.71369125e-22,7.43380355e-21,7.20508507e-21],
 [3.84649259e-11,8.23400070e-02,3.80736140e-01,5.36923853e-01,4.86242894e-11,1.03996076e-20,1.00796166e-20,9.61802703e-21],
 [5.68381774e-12,8.44561905e-02,1.62793970e-01,7.52749839e-01,1.56041719e-10,1.99282652e-20,1.90156991e-20,6.67513515e-21],
 [1.70674437e-11,1.58702281e-01,2.87372866e-01,5.53924853e-01,2.58765472e-10,6.47033040e-20,2.27129932e-20,3.50308933e-22],
 [2.31220809e-11,1.86796756e-01,2.89317549e-01,5.23885695e-01,3.52570004e-11,4.14061801e-20,6.38620742e-22,4.36417484e-21],
 [3.10818322e-11,1.11425398e-01,3.48620864e-01,5.39953738e-01,5.80685740e-11,1.19185844e-21,8.14488721e-21,4.86353902e-21],
 [8.45221443e-12,1.31618767e-01,2.10326531e-01,6.58054702e-01,8.14552106e-11,1.53743034e-20,9.18039169e-21,4.61619429e-21],
 [2.77969722e-11,1.64294469e-01,3.21672986e-01,5.14032545e-01,1.43388083e-10,2.24366145e-20,1.12818191e-20,4.44333032e-22],
 [2.56970314e-11,1.34036258e-01,2.92762744e-01,5.73200998e-01,3.68093944e-11,2.01034770e-20,7.91771332e-22,5.32689427e-21],
 [2.75412663e-11,4.66381198e-02,2.99403514e-01,6.53958366e-01,1.10642708e-10,1.76862604e-21,1.18989997e-20,5.28013126e-21],
 [3.59977119e-12,4.79473676e-02,1.28313929e-01,8.23738703e-01,1.57924760e-10,3.27371522e-20,1.45270032e-20,6.34638163e-21],
 [1.39650779e-11,1.21987776e-01,2.38840589e-01,6.39171634e-01,3.77449922e-10,7.23636666e-20,3.16133305e-20,3.05120905e-22],
 [2.29532831e-11,1.63645130e-01,2.82752634e-01,5.53602236e-01,4.15630723e-11,7.32757195e-20,7.07231939e-22,4.40054292e-21],
 [2.93116340e-11,1.30773188e-01,3.18649668e-01,5.50577144e-01,6.30298632e-11,1.37713077e-21,8.56877379e-21,5.36219819e-21],
 [2.20376010e-11,8.15105948e-02,2.67262600e-01,6.51226805e-01,9.13432044e-11,1.75120923e-20,1.09587735e-20,5.59718663e-21],
 [1.71649772e-11,5.18176972e-02,2.21596024e-01,7.26586279e-01,1.62856641e-10,2.97926633e-20,1.52166642e-20,5.09692703e-21],
 [1.33378128e-11,3.28626316e-02,1.83293272e-01,7.83844096e-01,2.11923473e-10,5.38252006e-20,1.80291962e-20,4.85248995e-21],
 [1.04783778e-11,2.27837149e-02,1.48568629e-01,8.28647656e-01,2.74495677e-10,8.15080900e-20,2.19376043e-20,4.59837383e-21],
 [9.19883911e-12,1.90856097e-02,1.30426188e-01,8.50488202e-01,3.45183793e-10,1.25582847e-19,2.63236760e-20,4.43362136e-21],
 [8.47144736e-12,1.39041615e-02,1.25878049e-01,8.60217789e-01,3.95619023e-10,1.73615462e-19,2.92416422e-20,4.41481818e-21],
 [6.63657149e-12,8.61672385e-03,9.86131194e-02,8.92770156e-01,4.30294392e-10,2.07392174e-19,3.13115035e-20,4.23754936e-21],
 [5.21937350e-12,4.24073154e-03,8.00167155e-02,9.15742552e-01,5.57940069e-10,2.90765434e-19,3.93508507e-20,4.14754909e-21],
 [3.17833980e-12,1.14593366e-03,5.02729397e-02,9.48581126e-01,7.30593971e-10,4.66495295e-19,4.91682912e-20,3.97340441e-21],
 [1.34370580e-12,5.48972261e-04,2.22739705e-02,9.77177056e-01,1.20268205e-09,9.55705873e-19,7.72328349e-20,3.90574641e-21],
 [1.47245707e-12,9.91823736e-04,2.40297051e-02,9.74978468e-01,2.70418554e-09,3.38064185e-18,1.70963474e-19,3.95832609e-21],
 [2.50369515e-12,9.31347606e-04,3.96018958e-02,9.59466754e-01,2.34846418e-09,6.82627132e-18,1.58049420e-19,4.01900199e-21],
 [1.40775905e-12,1.50034683e-04,2.29738966e-02,9.76876067e-01,1.45026747e-09,3.89867911e-18,9.91383902e-20,3.84401550e-21],
 [4.72128405e-13,1.53460434e-05,6.48816787e-03,9.93496483e-01,2.67076692e-09,4.28719564e-18,1.66232825e-19,3.78913598e-21],
 [1.23675349e-13,1.03240703e-06,2.35965638e-03,9.97639302e-01,9.36076976e-09,2.55604168e-17,5.82627338e-19,3.80493644e-21],
 [3.18237715e-14,1.19740592e-07,4.37334589e-04,9.99562515e-01,3.07519406e-08,2.46803980e-16,1.61178456e-18,3.81227146e-21],
 [1.43464701e-14,9.23492031e-09,2.73722020e-04,9.99726149e-01,1.19760195e-07,3.68447073e-15,8.71467282e-18,3.81289555e-21],
 [2.45497652e-15,6.48548946e-10,3.37372528e-05,9.99965996e-01,2.65763963e-07,3.18366174e-14,1.39293263e-17,3.81381031e-21],
 [7.27660881e-11,7.27660881e-11,1.92231006e-05,9.99979223e-01,1.55346772e-06,4.12869422e-13,1.13042651e-16,7.27660881e-11],
 [3.64748425e-02,9.55512699e-01,8.01245895e-03,1.97303613e-23,1.97303613e-23,1.97303613e-23,2.90719265e-17,4.09980234e-17],
 [6.88539000e-15,1.00000000e+00,5.79808000e-15,4.86198000e-17,1.19725000e-37,1.76410000e-31,2.48777000e-31,7.54173000e-20],
 [3.83631025e-08,9.71129092e-01,2.88708693e-02,1.67395834e-16,6.39001626e-18,7.18242341e-33,2.17737123e-21,4.46766294e-21],
 [9.16007961e-13,9.99998866e-01,1.10159875e-06,3.27495629e-08,2.25493744e-22,2.46988720e-27,5.06787425e-27,1.48952831e-26],
 [1.72085085e-13,9.84336324e-01,1.56636591e-02,1.72550009e-08,6.81635427e-16,7.93815229e-29,2.33315152e-28,1.04565038e-27],
 [5.47007780e-14,9.63774240e-01,3.56583333e-02,5.67427126e-04,5.19769059e-16,8.45201827e-30,3.78792541e-29,2.79471092e-25],
 [2.44466724e-13,9.02849413e-01,9.36843973e-02,3.46618973e-03,6.05971393e-16,3.68208785e-30,2.71661975e-26,5.48772718e-26],
 [1.44419018e-13,9.21562808e-01,7.10632961e-02,7.37389550e-03,4.18518609e-16,2.13825522e-27,4.31938754e-27,4.59796417e-27],
 [6.37933067e-14,8.89138455e-01,1.02924801e-01,7.93674383e-03,2.14904236e-15,4.82412399e-28,5.13525802e-28,6.80311615e-28],
 [3.34593531e-14,8.57748411e-01,1.27493236e-01,1.47583529e-02,2.31280047e-15,7.36341228e-29,9.75493332e-29,1.51087347e-28],
 [1.54936546e-14,7.77654349e-01,1.93573576e-01,2.87720756e-02,2.06432615e-15,2.20145396e-29,3.40968242e-29,6.37012725e-29],
 [1.38850483e-14,7.30364371e-01,2.15895000e-01,5.37406289e-02,2.09633485e-15,9.46609205e-30,1.76849512e-29,2.91575672e-29],
 [9.89873400e-15,7.00651230e-01,2.31050350e-01,6.82984203e-02,1.36074146e-15,5.59463552e-30,9.22399869e-30,1.32127845e-29],
 [1.34029433e-14,7.05004975e-01,2.21839974e-01,7.31550516e-02,1.39075772e-15,2.92049426e-30,4.18341206e-30,1.53023138e-29],
 [1.40288042e-14,7.04130201e-01,2.25053533e-01,7.08162666e-02,1.00048515e-15,1.33544404e-30,4.88484073e-30,1.99331688e-29],
 [1.89366804e-14,7.28748230e-01,2.05553107e-01,6.56986626e-02,1.24900492e-15,1.42599841e-30,5.81898115e-30,1.50933048e-29],
 [3.53836486e-14,8.13099688e-01,1.45781009e-01,4.11193032e-02,8.19242033e-16,1.16404006e-30,3.01930133e-30,2.00524781e-24],
 [7.93022660e-12,8.98332962e-01,8.62103765e-02,1.54566617e-02,4.01644910e-16,3.20126962e-31,2.12609897e-25,4.44983452e-23],
 [1.31486407e-11,9.92200476e-01,7.11656783e-03,6.82956392e-04,2.97201746e-17,1.68429007e-27,3.52514938e-25,5.49768362e-18],
 [7.46452547e-09,9.90070120e-01,9.85915731e-03,7.07149269e-05,6.24251552e-16,3.50282097e-27,5.46286608e-20,7.54124742e-19],
 [5.57454188e-11,9.99148974e-01,8.42635284e-04,8.39099296e-06,1.11197288e-16,4.64936989e-23,6.41825325e-22,6.83219067e-22],
 [8.06952831e-12,8.72253230e-01,1.27639125e-01,1.07644310e-04,8.11574046e-13,8.19915928e-23,8.72796371e-23,7.26622185e-21],
 [8.14100290e-11,7.00106533e-01,2.61611304e-01,3.82821620e-02,2.13587489e-12,2.61773767e-23,2.17932869e-21,2.88713516e-21],
 [2.44884269e-11,8.07292473e-01,1.40286276e-01,5.24212513e-02,4.84967371e-13,4.36689624e-22,5.78519909e-22,1.47730360e-21],
 [1.13074607e-11,4.63913140e-01,4.56720657e-01,7.93662036e-02,9.22889303e-12,3.27293876e-22,8.35775469e-22,5.01921570e-23],
 [5.01233682e-12,4.42199302e-01,2.81079223e-01,2.76721475e-01,8.39408072e-12,5.06385650e-22,3.04108620e-23,2.90182362e-23],
 [4.89169327e-12,5.37079551e-01,2.83021310e-01,1.79899138e-01,4.38488723e-12,1.94638044e-23,1.85725868e-23,1.40192692e-23],
 [8.46187692e-12,5.99850320e-01,2.62055733e-01,1.38093947e-01,1.56528640e-12,9.06202158e-24,6.84037530e-24,1.10398208e-22],
 [2.08231456e-11,5.69095533e-01,2.99891731e-01,1.31012737e-01,1.19325854e-12,3.41980887e-24,5.51929269e-23,2.42136499e-21],
 [3.99124998e-11,6.61608673e-01,2.21610858e-01,1.16780470e-01,1.64738716e-12,2.14926678e-23,9.42900418e-22,4.35992273e-21],
 [3.74898814e-11,7.04193769e-01,2.21584716e-01,7.42215141e-02,2.71575461e-12,3.15794358e-22,1.46022120e-21,1.76136200e-21],
 [3.09623535e-11,5.90744385e-01,3.11300696e-01,9.79549192e-02,5.90928280e-12,6.45512872e-22,7.78636612e-22,1.13291241e-21],
 [3.40754249e-11,3.59040534e-01,4.19760869e-01,2.21198598e-01,1.17761259e-11,5.53270889e-22,8.05004360e-22,3.72229618e-21],
 [8.17644202e-12,2.13228645e-01,3.62714631e-01,4.24056724e-01,2.22259055e-11,8.13241664e-22,3.76039419e-21,2.50495987e-21],
 [3.78514475e-12,1.78741977e-01,3.04050780e-01,5.17207243e-01,4.90865008e-11,5.36206989e-21,3.57190853e-21,5.68394303e-23],
 [3.50243625e-12,1.65391770e-01,3.08993432e-01,5.25614798e-01,2.01551022e-11,6.17479166e-21,9.82588660e-23,2.85949539e-23],
 [2.78145934e-12,1.37650075e-01,3.00653870e-01,5.61696056e-01,1.18948201e-11,1.78617561e-22,5.19807344e-23,3.35612364e-23],
 [4.15155766e-12,1.73008782e-01,2.59717271e-01,5.67273947e-01,1.20129666e-11,9.80771050e-23,6.33233210e-23,5.00928394e-23],
 [6.37136395e-12,2.23586340e-01,3.10419566e-01,4.65994094e-01,9.41626860e-12,1.13616892e-22,8.98786423e-23,9.56752732e-23],
 [5.17169215e-12,1.90196252e-01,3.39062218e-01,4.70741529e-01,1.12959949e-11,1.36298362e-22,1.45089008e-22,1.42839774e-22],
 [5.04538447e-12,1.21687947e-01,3.15633943e-01,5.62678110e-01,1.60341730e-11,2.40776907e-22,2.37043434e-22,1.37190587e-22],
 [5.01142293e-12,3.62913390e-02,2.68158373e-01,6.95550288e-01,1.89129436e-11,5.22365129e-22,3.02321550e-22,1.80524130e-22],
 [5.44714470e-13,1.76787667e-02,1.17095277e-01,8.65225956e-01,3.58737919e-11,9.75453720e-22,5.82469857e-22,5.82469857e-22],
 [5.84930097e-13,1.09871232e-02,1.29732199e-01,8.59280677e-01,1.18657475e-10,4.27432727e-21,4.27432727e-21,5.58317204e-24],
 [4.72095376e-13,3.41878954e-03,7.78112610e-02,9.18769949e-01,2.83088939e-11,3.02711109e-20,3.95403807e-23,7.78596409e-24],
 [7.89025144e-14,2.56079633e-03,4.19799214e-02,9.55459282e-01,5.08666689e-11,4.85524357e-22,9.56053060e-23,3.51711975e-23],
 [1.89365874e-13,1.50611933e-03,5.74067243e-02,9.41087156e-01,1.29953181e-10,2.14323273e-21,7.88452626e-22,1.07931005e-24],
 [6.54923636e-14,2.81591288e-03,2.54931853e-02,9.71690902e-01,2.99395323e-11,1.33456580e-20,1.82689114e-23,6.61655665e-24],
 [1.25636172e-12,1.15670893e-03,9.93551689e-02,8.99488122e-01,1.13094029e-10,6.44589303e-22,2.33455055e-22,3.11047965e-23],
 [4.84662198e-13,4.40626187e-10,1.15081204e-02,9.88491879e-01,2.29902357e-11,2.32265912e-21,3.09463977e-22,2.33596290e-22],
 [3.48725986e-19,4.56053982e-14,3.82881985e-08,9.99999961e-01,1.08614996e-09,2.68908989e-20,2.02982992e-20,8.78017965e-22],
 [7.72831951e-19,7.72591216e-08,1.18979978e-06,9.98900003e-01,1.09873007e-03,5.29561842e-13,2.29065751e-14,7.73995669e-22],
 [6.35122596e-14,1.20487802e-02,6.02400895e-02,9.27704019e-01,7.09378118e-06,1.78606664e-08,6.03495263e-16,2.83536587e-26],
 [2.65447705e-13,3.98359760e-02,1.60035967e-01,8.00128057e-01,8.00376005e-12,8.01581888e-15,3.76602077e-25,2.04755224e-25],
 [4.50900036e-13,6.25819105e-02,1.86834499e-01,7.50583591e-01,3.95652335e-12,1.76630365e-24,9.60321210e-25,7.13650033e-25],
 [9.51711004e-13,1.04492320e-01,2.24694327e-01,6.70813353e-01,4.46997404e-12,3.44794221e-24,2.56229695e-24,2.85844725e-24],
 [1.66310552e-12,1.09035143e-01,2.82815572e-01,6.08149285e-01,4.38169970e-12,6.93500405e-24,7.73655698e-24,1.35780311e-23],
 [2.92945224e-12,1.54323526e-01,2.35315389e-01,6.10361086e-01,5.55913423e-12,1.66967018e-23,2.93036370e-23,3.94324001e-23],
 [6.72559126e-12,1.72673895e-01,3.27677367e-01,4.99648738e-01,7.62109600e-12,6.22208907e-23,8.37273729e-23,2.66084774e-22],
 [7.04602370e-12,1.75334831e-01,2.84596478e-01,5.40068691e-01,1.02518621e-11,1.37997453e-22,4.38554008e-22,4.89243243e-22],
 [6.61531085e-12,2.18082054e-01,2.98082173e-01,4.83835773e-01,1.88452932e-11,7.45576728e-22,8.31750863e-22,8.63067689e-23],
 [9.08761101e-12,2.33316072e-01,3.23927374e-01,4.42756554e-01,1.77926977e-11,1.23543633e-21,1.28195227e-22,4.07404636e-22],
 [1.81040669e-11,2.12803470e-01,3.29596906e-01,4.57599624e-01,1.38808208e-11,1.81096641e-22,5.75524482e-22,5.07898972e-22],
 [2.13691066e-11,3.07755430e-01,2.71593029e-01,4.20651541e-01,1.63841971e-11,7.34518646e-22,6.48211103e-22,2.12539663e-21],
 [2.75904748e-11,3.39875451e-01,3.50664101e-01,3.09460448e-01,2.63270040e-11,7.38588005e-22,2.42174233e-21,1.77178608e-21],
 [3.40221183e-11,3.26398231e-01,3.31538732e-01,3.42063037e-01,2.37512693e-11,2.36233851e-21,1.72832655e-21,2.93997889e-21],
 [4.31893407e-11,2.51314521e-01,3.71418490e-01,3.77266989e-01,3.06258014e-11,1.96670212e-21,3.34548292e-21,3.91125866e-21],
 [4.13055650e-11,1.60109785e-01,3.38951762e-01,5.00938453e-01,5.22152264e-11,4.51210425e-21,5.27518978e-21,8.56247385e-21],
 [1.54130906e-11,1.38909919e-01,2.76255955e-01,5.84834126e-01,1.00506272e-10,9.10191197e-21,1.47739086e-20,7.20020374e-21],
 [1.67363009e-11,1.31047291e-01,2.90742539e-01,5.78210170e-01,1.49168185e-10,3.09220096e-20,1.50701738e-20,1.12633674e-21],
 [1.83923018e-11,1.60660857e-01,2.60778118e-01,5.78561025e-01,6.41955661e-11,2.99887938e-20,2.24134467e-21,1.97797342e-21],
 [2.52011256e-11,1.05622497e-01,3.40954460e-01,5.53423043e-01,7.06783554e-11,4.75658493e-21,4.19767227e-21,3.11944074e-21],
 [1.62744682e-11,9.77050441e-02,2.13407254e-01,6.88887702e-01,7.88636188e-11,8.48127249e-21,6.30274678e-21,4.53969527e-21],
 [2.74281697e-11,1.62115025e-01,2.63138464e-01,5.74746511e-01,1.37132274e-10,1.69744917e-20,1.22262862e-20,1.76136111e-21],
 [2.71390844e-11,1.76171047e-01,3.14059749e-01,5.09769204e-01,8.49106319e-11,2.36855290e-20,3.41222488e-21,4.59165565e-21],
 [2.30781741e-11,8.94560432e-02,3.27216734e-01,5.83327223e-01,9.86930084e-11,6.33778324e-21,8.52842320e-21,4.42448345e-21],
 [8.13498477e-12,5.70988386e-02,2.02432514e-01,7.40468647e-01,1.14068941e-10,1.92992532e-20,1.00123196e-20,4.80395845e-21],
 [1.07836085e-11,7.93219703e-02,2.02555448e-01,7.18122582e-01,1.85264226e-10,3.55182406e-20,1.70418681e-20,8.09609624e-22],
 [1.72783228e-11,1.15721316e-01,2.48841117e-01,6.35437566e-01,9.05321013e-11,5.34619526e-20,2.53982488e-21,1.97801297e-21],
 [2.42684836e-11,1.15256404e-01,2.80840781e-01,6.03902815e-01,8.20992043e-11,6.16380512e-21,4.80037875e-21,3.40397590e-21],
 [2.29743260e-11,8.63136839e-02,2.65865367e-01,6.47820949e-01,9.67256922e-11,1.10731249e-20,7.85201545e-21,5.14947464e-21],
 [1.87683451e-11,5.66577396e-02,2.31199041e-01,7.12143219e-01,1.49948515e-10,2.10323007e-20,1.37933272e-20,5.07429134e-21],
 [1.47025259e-11,3.56636400e-02,1.89806351e-01,7.74530009e-01,2.06159176e-10,4.62084925e-20,1.69991615e-20,4.87033352e-21],
 [1.14143445e-11,2.36823229e-02,1.54428479e-01,8.21889198e-01,2.72257544e-10,7.36086760e-20,2.10891973e-20,4.63269324e-21],
 [9.63446117e-12,1.96795273e-02,1.30347219e-01,8.49973254e-01,3.50407460e-10,1.16075415e-19,2.54983529e-20,4.43093692e-21],
 [9.25662961e-12,1.49572987e-02,1.29211418e-01,8.55831283e-01,4.12491377e-10,1.67416126e-19,2.90925304e-20,4.46147501e-21],
 [7.02539822e-12,9.41110406e-03,1.02771839e-01,8.87817057e-01,4.34645522e-10,1.99895834e-19,3.06550942e-20,4.28039939e-21],
 [5.44666858e-12,4.63779033e-03,8.35013973e-02,9.11860812e-01,5.64323978e-10,2.71990922e-19,3.79784605e-20,4.19500439e-21],
 [3.27144643e-12,1.10804051e-03,5.25606530e-02,9.46331306e-01,7.06436517e-10,4.30414615e-19,4.75425675e-20,4.02640568e-21],
 [1.38875923e-12,5.00707981e-04,2.06355652e-02,9.78863726e-01,1.14958541e-09,8.85408457e-19,7.49858397e-20,3.85183695e-21],
 [1.61767917e-12,1.05611764e-03,2.36644129e-02,9.75279467e-01,2.87948200e-09,3.54398172e-18,1.82045633e-19,3.95954812e-21],
 [2.69821075e-12,1.01951336e-03,4.26785925e-02,9.56301892e-01,2.65238035e-09,7.35661553e-18,1.60008517e-19,4.00574505e-21],
 [1.45187372e-12,1.80904908e-04,2.33265172e-02,9.76492576e-01,1.49570961e-09,3.66102732e-18,9.16520725e-20,3.90301634e-21],
 [4.03343607e-13,1.31102524e-05,7.69554680e-03,9.92291340e-01,2.62616849e-09,3.89880198e-18,1.66031179e-19,3.78453963e-21],
 [1.23757036e-13,1.03308893e-06,1.70072084e-03,9.98298238e-01,8.01198227e-09,2.15381847e-17,4.90946102e-19,3.80744958e-21],
 [3.18183673e-14,1.19720259e-07,6.07075144e-04,9.99392774e-01,3.07467185e-08,2.88493713e-16,2.23737059e-18,3.81162408e-21],
 [1.43475687e-14,9.23562747e-09,1.97169091e-04,9.99802702e-01,1.19769365e-07,3.68475286e-15,6.27742123e-18,3.81318752e-21],
 [2.45494435e-15,6.48540449e-10,4.68388935e-05,9.99952895e-01,2.65760481e-07,3.18362003e-14,1.93386890e-17,3.81376034e-21],
 [1.00753448e-15,6.39467152e-13,1.38459868e-05,9.99984601e-01,1.55347608e-06,4.12871642e-13,8.14216461e-17,3.81388127e-21],
 [7.27673212e-11,7.27673212e-11,4.61841230e-08,9.99996168e-01,3.78532550e-06,5.88050747e-12,2.75448945e-16,7.27673212e-11],
 [2.65855000e-18,1.00000000e+00,5.58769000e-14,2.22933000e-20,2.22933000e-20,2.22933000e-20,5.48959000e-41,1.01485000e-19],
 [1.08195973e-06,9.97639262e-01,2.35965629e-03,1.31850000e-16,5.26046204e-23,1.30013346e-43,2.39470335e-22,7.44970159e-21],
 [2.05560000e-14,9.99999999e-01,5.63488000e-10,1.33279000e-12,3.54328000e-30,1.35258000e-31,4.20775000e-30,8.12034000e-22],
 [4.84368716e-10,9.74042627e-01,2.59573723e-02,1.46266233e-11,1.58629280e-17,1.09222318e-31,2.10782803e-23,4.43685832e-22],
 [2.26697115e-12,9.99925523e-01,7.25434968e-05,1.93321601e-06,3.97391401e-20,1.56984307e-27,3.30442388e-26,3.96320481e-25],
 [1.03648117e-12,9.83083870e-01,1.69149029e-02,1.22715728e-06,6.10236439e-16,5.58982062e-28,6.70421986e-27,5.88276982e-26],
 [2.71766496e-13,9.72792816e-01,2.67469773e-02,4.60207071e-04,1.04335804e-15,1.82403483e-28,1.60053697e-27,7.35866814e-26],
 [1.66565068e-13,9.52760215e-01,4.59756850e-02,1.26410044e-03,1.33276617e-15,7.56438333e-29,3.47781886e-27,2.61024629e-26],
 [1.58091478e-13,8.90269772e-01,1.04678906e-01,5.05132161e-03,1.41117245e-15,3.82105470e-28,2.86786178e-27,1.13425736e-26],
 [1.06506236e-13,9.00369220e-01,8.91486000e-02,1.04821799e-02,1.83254085e-15,2.87177919e-28,1.13581474e-27,4.15462308e-27],
 [7.59450862e-14,8.24365646e-01,1.59810965e-01,1.58233887e-02,2.80986488e-15,2.01600566e-28,7.37423469e-28,1.51309060e-27],
 [4.96878889e-14,8.09661122e-01,1.59431667e-01,3.09072107e-02,3.65605693e-15,1.42617195e-28,2.92631468e-28,9.44624291e-28],
 [3.40007763e-14,7.81321144e-01,1.82702517e-01,3.59763391e-02,3.31433690e-15,6.60332987e-29,2.13157710e-28,4.80359437e-28],
 [4.04607629e-14,6.39021404e-01,2.92565579e-01,6.84130169e-02,4.19842267e-15,7.98168787e-29,1.79870070e-28,7.69206487e-28],
 [4.22762104e-14,6.88887702e-01,2.13407254e-01,9.77050441e-02,4.25182722e-15,6.00694031e-29,2.56884151e-28,8.42291706e-28],
 [5.74853297e-14,6.53935934e-01,2.64214384e-01,8.18496822e-02,5.18246043e-15,9.85246417e-29,3.23050231e-28,1.49376542e-27],
 [1.00177100e-13,7.13133062e-01,2.04315771e-01,8.25511664e-02,5.06606809e-15,1.00933974e-28,4.66713531e-28,4.35940757e-27],
 [2.24295222e-13,8.02868742e-01,1.53230133e-01,4.39011250e-02,3.85920513e-15,1.00282280e-28,9.36699683e-28,1.98001648e-24],
 [3.74996602e-12,8.85348086e-01,9.62771413e-02,1.83747723e-02,2.58119221e-15,1.12325723e-28,2.37435614e-25,4.96944310e-23],
 [9.31331039e-12,9.75722895e-01,2.18960243e-02,2.38108077e-03,6.65194973e-16,5.87215120e-27,1.22901941e-24,7.02166547e-20],
 [4.03485231e-10,9.63549950e-01,3.56500349e-02,8.00014488e-04,3.38852437e-15,4.49046509e-26,2.56550854e-21,2.25116257e-20],
 [5.06528583e-11,9.81644417e-01,1.77006812e-02,6.54901574e-04,6.25106127e-15,4.71290945e-23,4.13544692e-22,4.68607739e-22],
